========================================
Airfoil: NACA0015
Result:
  weighted_power: 28.416322
  chord: [0.0608 0.0858 0.1423 0.2031 0.2293 0.2211 0.1999 0.1762 0.1513 0.1492 0.1647 0.1331 0.1068 0.0911 0.0933]
  beta:  [0.7935 0.7293 0.6886 0.6195 0.5706 0.5120 0.4744 0.4304 0.3521 0.3352 0.3206 0.3014 0.2543 0.2430 0.1804]
  info:
    RPM:       [107.6022 154.2199 203.8692   0.0000]
    Solidity:  [0.3994 0.3994 0.5693 0.7119 0.7151 0.6213 0.5112 0.4132 0.3277 0.3004 0.3095 0.2345 0.1773 0.1427 0.1386]
    nSections: 15
    B:         7
Design Variables:
  x: [0.0608 0.0858 0.1423 0.2031 0.2293 0.2211 0.1999 0.1762 0.1513 0.1492 0.1647 0.1331 0.1068 0.0911 0.0933 0.7935 0.7293 0.6886 0.6195 0.5706 0.5120 0.4744 0.4304 0.3521 0.3352 0.3206 0.3014 0.2543 0.2430 0.1804]

========================================
TOP 1 SOLUTIONS
========================================
#1 Airfoil: NACA0015
  weighted_power: 28.416322
  chord: [0.0608 0.0858 0.1423 0.2031 0.2293 0.2211 0.1999 0.1762 0.1513 0.1492 0.1647 0.1331 0.1068 0.0911 0.0933]
  beta:  [0.7935 0.7293 0.6886 0.6195 0.5706 0.5120 0.4744 0.4304 0.3521 0.3352 0.3206 0.3014 0.2543 0.2430 0.1804]

========================================
BEST OVERALL
========================================
Airfoil: NACA0015
Weighted Power: 28.416322
