========================================
Airfoil: NACA0012
Result:
  weighted_power: 16.612930
  chord: [0.1993 0.2457 0.3562 0.4476 0.4880 0.4792 0.4496 0.4204 0.3898 0.3968 0.3955 0.3383 0.2686 0.1963 0.1813]
  beta:  [1.1735 1.1612 1.0479 1.0185 0.9323 0.8867 0.8041 0.8050 0.7031 0.6248 0.5362 0.5290 0.5082 0.5018 0.4657]
  info:
    RPM:       [74.9872 100.0563 125.2812 150.9853]
    Solidity:  [0.8011 0.8011 0.8819 0.8932 0.8155 0.6889 0.5671 0.4723 0.3948 0.3658 0.3346 0.2645 0.1952 0.1332 0.1154]
    nSections: 15
    B:         3
Design Variables:
  x: [0.1993 0.2457 0.3562 0.4476 0.4880 0.4792 0.4496 0.4204 0.3898 0.3968 0.3955 0.3383 0.2686 0.1963 0.1813 1.1735 1.1612 1.0479 1.0185 0.9323 0.8867 0.8041 0.8050 0.7031 0.6248 0.5362 0.5290 0.5082 0.5018 0.4657]

========================================
Airfoil: NACA0014
Result:
  weighted_power: 29.074630
  chord: [0.2618 0.2759 0.3406 0.4351 0.5014 0.5000 0.4594 0.4046 0.3703 0.3738 0.3735 0.3596 0.3110 0.2442 0.2250]
  beta:  [1.0428 0.8068 0.8031 0.7750 0.6789 0.5991 0.5796 0.5153 0.4495 0.3820 0.3814 0.3728 0.3588 0.2851 0.2182]
  info:
    RPM:       [105.8376 148.7791 192.2340 236.1473]
    Solidity:  [0.8997 0.8997 0.8433 0.8682 0.8379 0.7187 0.5794 0.4545 0.3750 0.3446 0.3161 0.2812 0.2260 0.1657 0.1433]
    nSections: 15
    B:         3
Design Variables:
  x: [0.2618 0.2759 0.3406 0.4351 0.5014 0.5000 0.4594 0.4046 0.3703 0.3738 0.3735 0.3596 0.3110 0.2442 0.2250 1.0428 0.8068 0.8031 0.7750 0.6789 0.5991 0.5796 0.5153 0.4495 0.3820 0.3814 0.3728 0.3588 0.2851 0.2182]

========================================
Airfoil: NACA0015
Result:
  weighted_power: 29.282851
  chord: [0.2427 0.2756 0.2980 0.3533 0.4078 0.4574 0.4871 0.4805 0.4556 0.4163 0.3675 0.3150 0.2707 0.2629 0.2410]
  beta:  [1.0262 0.9849 0.8111 0.7764 0.7228 0.6439 0.5797 0.4861 0.4069 0.3936 0.3741 0.3799 0.2690 0.2420 0.2183]
  info:
    RPM:       [107.9804 152.5416 198.4709 244.4796]
    Solidity:  [0.8987 0.8987 0.7377 0.7049 0.6816 0.6576 0.6144 0.5399 0.4615 0.3839 0.3109 0.2463 0.1967 0.1784 0.1534]
    nSections: 15
    B:         3
Design Variables:
  x: [0.2427 0.2756 0.2980 0.3533 0.4078 0.4574 0.4871 0.4805 0.4556 0.4163 0.3675 0.3150 0.2707 0.2629 0.2410 1.0262 0.9849 0.8111 0.7764 0.7228 0.6439 0.5797 0.4861 0.4069 0.3936 0.3741 0.3799 0.2690 0.2420 0.2183]

========================================
Airfoil: NACA2412
Result:
  weighted_power: 28.712669
  chord: [0.2740 0.2746 0.3302 0.3739 0.4562 0.4755 0.4541 0.4326 0.3792 0.3338 0.2832 0.2469 0.2228 0.2210 0.2059]
  beta:  [0.9074 0.7789 0.7588 0.6970 0.6293 0.5601 0.5053 0.4298 0.3977 0.3566 0.1289 0.1048 0.0859 0.0818 0.0695]
  info:
    RPM:       [111.0356 162.2944 212.6612   0.0000]
    Solidity:  [0.8953 0.8953 0.8174 0.7462 0.7624 0.6835 0.5727 0.4860 0.3840 0.3078 0.2397 0.1931 0.1619 0.1500 0.1311]
    nSections: 15
    B:         3
Design Variables:
  x: [0.2740 0.2746 0.3302 0.3739 0.4562 0.4755 0.4541 0.4326 0.3792 0.3338 0.2832 0.2469 0.2228 0.2210 0.2059 0.9074 0.7789 0.7588 0.6970 0.6293 0.5601 0.5053 0.4298 0.3977 0.3566 0.1289 0.1048 0.0859 0.0818 0.0695]

========================================
Airfoil: NACA2415
Result:
  weighted_power: 20.891322
  chord: [0.2863 0.2755 0.3386 0.3958 0.4423 0.4866 0.4860 0.4654 0.4108 0.3809 0.3249 0.2730 0.1894 0.2076 0.1978]
  beta:  [0.1695  0.0314 -0.0195 -0.0394 -0.0590 -0.0547 -0.0767 -0.0776 -0.0734 -0.0716 -0.0930 -0.1020 -0.0817 -0.0819 -0.0968]
  info:
    RPM:       [96.8208  170.6969 1175.8279 1468.9639]
    Solidity:  [0.8984 0.8984 0.8384 0.7899 0.7391 0.6995 0.6130 0.5229 0.4161 0.3512 0.2749 0.2134 0.1376 0.1409 0.1259]
    nSections: 15
    B:         3
Design Variables:
  x: [0.2863  0.2755  0.3386  0.3958  0.4423  0.4866  0.4860  0.4654  0.4108  0.3809  0.3249  0.2730  0.1894  0.2076  0.1978  0.1695  0.0314 -0.0195 -0.0394 -0.0590 -0.0547 -0.0767 -0.0776 -0.0734 -0.0716 -0.0930 -0.1020 -0.0817 -0.0819 -0.0968]

========================================
Airfoil: NACA4309
Result:
  weighted_power: 21.036002
  chord: [0.2277 0.2361 0.2716 0.3808 0.4689 0.4925 0.4424 0.3814 0.3431 0.3407 0.3470 0.3341 0.2828 0.1821 0.1677]
  beta:  [-0.0195 -0.0723 -0.0786 -0.1152 -0.1162 -0.1253 -0.1212 -0.1204 -0.1193 -0.1066 -0.0960 -0.0893 -0.1165 -0.1233 -0.1219]
  info:
    RPM:       [78.0980  117.8319  194.5512 1780.4796]
    Solidity:  [0.7699 0.7699 0.6723 0.7599 0.7837 0.7079 0.5580 0.4285 0.3475 0.3141 0.2936 0.2612 0.2055 0.1236 0.1068]
    nSections: 15
    B:         3
Design Variables:
  x: [0.2277  0.2361  0.2716  0.3808  0.4689  0.4925  0.4424  0.3814  0.3431  0.3407  0.3470  0.3341  0.2828  0.1821  0.1677 -0.0195 -0.0723 -0.0786 -0.1152 -0.1162 -0.1253 -0.1212 -0.1204 -0.1193 -0.1066 -0.0960 -0.0893 -0.1165 -0.1233 -0.1219]

========================================
TOP 5 SOLUTIONS
========================================
#1 Airfoil: NACA0015
  weighted_power: 29.282851
  chord: [0.2427 0.2756 0.2980 0.3533 0.4078 0.4574 0.4871 0.4805 0.4556 0.4163 0.3675 0.3150 0.2707 0.2629 0.2410]
  beta:  [1.0262 0.9849 0.8111 0.7764 0.7228 0.6439 0.5797 0.4861 0.4069 0.3936 0.3741 0.3799 0.2690 0.2420 0.2183]

#2 Airfoil: NACA0014
  weighted_power: 29.074630
  chord: [0.2618 0.2759 0.3406 0.4351 0.5014 0.5000 0.4594 0.4046 0.3703 0.3738 0.3735 0.3596 0.3110 0.2442 0.2250]
  beta:  [1.0428 0.8068 0.8031 0.7750 0.6789 0.5991 0.5796 0.5153 0.4495 0.3820 0.3814 0.3728 0.3588 0.2851 0.2182]

#3 Airfoil: NACA2412
  weighted_power: 28.712669
  chord: [0.2740 0.2746 0.3302 0.3739 0.4562 0.4755 0.4541 0.4326 0.3792 0.3338 0.2832 0.2469 0.2228 0.2210 0.2059]
  beta:  [0.9074 0.7789 0.7588 0.6970 0.6293 0.5601 0.5053 0.4298 0.3977 0.3566 0.1289 0.1048 0.0859 0.0818 0.0695]

#4 Airfoil: NACA4309
  weighted_power: 21.036002
  chord: [0.2277 0.2361 0.2716 0.3808 0.4689 0.4925 0.4424 0.3814 0.3431 0.3407 0.3470 0.3341 0.2828 0.1821 0.1677]
  beta:  [-0.0195 -0.0723 -0.0786 -0.1152 -0.1162 -0.1253 -0.1212 -0.1204 -0.1193 -0.1066 -0.0960 -0.0893 -0.1165 -0.1233 -0.1219]

#5 Airfoil: NACA2415
  weighted_power: 20.891322
  chord: [0.2863 0.2755 0.3386 0.3958 0.4423 0.4866 0.4860 0.4654 0.4108 0.3809 0.3249 0.2730 0.1894 0.2076 0.1978]
  beta:  [0.1695  0.0314 -0.0195 -0.0394 -0.0590 -0.0547 -0.0767 -0.0776 -0.0734 -0.0716 -0.0930 -0.1020 -0.0817 -0.0819 -0.0968]

========================================
BEST OVERALL
========================================
Airfoil: NACA0015
Weighted Power: 29.282851
