========================================
Airfoil: NACA0015
Result:
  weighted_power: 29.969250
  chord: [0.2849 0.3429 0.2820 0.3900 0.2846 0.3588 0.3777 0.2744 0.3440 0.2312 0.2830 0.1842 0.2106 0.1964 0.1942]
  beta:  [0.7972 0.8004 0.6304 0.5518 0.5952 0.5564 0.5011 0.3333 0.4657 0.3467 0.3682 0.3518 0.4483 0.1581 0.2364]
  info:
    nSections: 15
    B: 5
Design Variables:
  x: [0.2849 0.3429 0.2820 0.3900 0.2846 0.3588 0.3777 0.2744 0.3440 0.2312 0.2830 0.1842 0.2106 0.1964 0.1942 0.7972 0.8004 0.6304 0.5518 0.5952 0.5564 0.5011 0.3333 0.4657 0.3467 0.3682 0.3518 0.4483 0.1581 0.2364]

========================================
TOP 1 SOLUTIONS
========================================
#1 Airfoil: NACA0015
  weighted_power: 29.969250
  chord: [0.2849 0.3429 0.2820 0.3900 0.2846 0.3588 0.3777 0.2744 0.3440 0.2312 0.2830 0.1842 0.2106 0.1964 0.1942]
  beta:  [0.7972 0.8004 0.6304 0.5518 0.5952 0.5564 0.5011 0.3333 0.4657 0.3467 0.3682 0.3518 0.4483 0.1581 0.2364]

========================================
BEST OVERALL
========================================
Airfoil: NACA0015
Weighted Power: 29.969250
========================================
Airfoil: NACA0015
Result:
  weighted_power: 28.816431
  chord: [0.3105 0.3079 0.2418 0.2663 0.2605 0.2719 0.2151 0.2570 0.2081 0.1890 0.2122 0.1955 0.1553 0.1901 0.1614]
  beta:  [0.6956 0.6816 0.6391 0.5975 0.5937 0.5703 0.4805 0.4689 0.4950 0.4465 0.3777 0.3401 0.3267 0.2947 0.2397]
  info:
    nSections: 15
    B: 5
Design Variables:
  x: [0.3105 0.3079 0.2418 0.2663 0.2605 0.2719 0.2151 0.2570 0.2081 0.1890 0.2122 0.1955 0.1553 0.1901 0.1614 0.6956 0.6816 0.6391 0.5975 0.5937 0.5703 0.4805 0.4689 0.4950 0.4465 0.3777 0.3401 0.3267 0.2947 0.2397]

========================================
TOP 1 SOLUTIONS
========================================
#1 Airfoil: NACA0015
  weighted_power: 28.816431
  chord: [0.3105 0.3079 0.2418 0.2663 0.2605 0.2719 0.2151 0.2570 0.2081 0.1890 0.2122 0.1955 0.1553 0.1901 0.1614]
  beta:  [0.6956 0.6816 0.6391 0.5975 0.5937 0.5703 0.4805 0.4689 0.4950 0.4465 0.3777 0.3401 0.3267 0.2947 0.2397]

========================================
BEST OVERALL
========================================
Airfoil: NACA0015
Weighted Power: 28.816431
========================================
Airfoil: NACA0015
Result:
  weighted_power: 30.840113
  chord: [0.4180 0.4915 0.4543 0.2959 0.3774 0.2699 0.2715 0.2445 0.2629 0.2937 0.3106 0.2699 0.2215 0.2395 0.2367]
  beta:  [0.8052 0.8077 0.7796 0.5862 0.5566 0.4183 0.3529 0.3621 0.3180 0.3490 0.3067 0.4705 0.2152 0.2321 0.3875]
  info:
    nSections: 15
    B: 5
Design Variables:
  x: [0.4180 0.4915 0.4543 0.2959 0.3774 0.2699 0.2715 0.2445 0.2629 0.2937 0.3106 0.2699 0.2215 0.2395 0.2367 0.8052 0.8077 0.7796 0.5862 0.5566 0.4183 0.3529 0.3621 0.3180 0.3490 0.3067 0.4705 0.2152 0.2321 0.3875]

========================================
TOP 1 SOLUTIONS
========================================
#1 Airfoil: NACA0015
  weighted_power: 30.840113
  chord: [0.4180 0.4915 0.4543 0.2959 0.3774 0.2699 0.2715 0.2445 0.2629 0.2937 0.3106 0.2699 0.2215 0.2395 0.2367]
  beta:  [0.8052 0.8077 0.7796 0.5862 0.5566 0.4183 0.3529 0.3621 0.3180 0.3490 0.3067 0.4705 0.2152 0.2321 0.3875]

========================================
BEST OVERALL
========================================
Airfoil: NACA0015
Weighted Power: 30.840113
========================================
Airfoil: NACA0015
Result:
  weighted_power: 30.589323
  chord: [0.4615 0.4909 0.3614 0.3822 0.2726 0.3796 0.2162 0.3314 0.3497 0.2929 0.1989 0.2558 0.2728 0.2294 0.1958]
  beta:  [0.8261 0.8252 0.6099 0.6277 0.5807 0.5284 0.3820 0.4689 0.4332 0.3590 0.2164 0.4607 0.2997 0.2474 0.2219]
  info:
    nSections: 15
    B: 5
Design Variables:
  x: [0.4615 0.4909 0.3614 0.3822 0.2726 0.3796 0.2162 0.3314 0.3497 0.2929 0.1989 0.2558 0.2728 0.2294 0.1958 0.8261 0.8252 0.6099 0.6277 0.5807 0.5284 0.3820 0.4689 0.4332 0.3590 0.2164 0.4607 0.2997 0.2474 0.2219]

========================================
TOP 1 SOLUTIONS
========================================
#1 Airfoil: NACA0015
  weighted_power: 30.589323
  chord: [0.4615 0.4909 0.3614 0.3822 0.2726 0.3796 0.2162 0.3314 0.3497 0.2929 0.1989 0.2558 0.2728 0.2294 0.1958]
  beta:  [0.8261 0.8252 0.6099 0.6277 0.5807 0.5284 0.3820 0.4689 0.4332 0.3590 0.2164 0.4607 0.2997 0.2474 0.2219]

========================================
BEST OVERALL
========================================
Airfoil: NACA0015
Weighted Power: 30.589323
========================================
Airfoil: NACA0015
Result:
  weighted_power: 30.564914
  chord: [0.3294 0.4953 0.2713 0.2888 0.4385 0.2132 0.3811 0.3160 0.3316 0.3113 0.2228 0.3040 0.2810 0.2628 0.1989]
  beta:  [0.8073 0.7140 0.6563 0.5059 0.5513 0.4259 0.4929 0.4205 0.4046 0.5348 0.2497 0.3453 0.3304 0.2495 0.2123]
  info:
    nSections: 15
    B: 5
Design Variables:
  x: [0.3294 0.4953 0.2713 0.2888 0.4385 0.2132 0.3811 0.3160 0.3316 0.3113 0.2228 0.3040 0.2810 0.2628 0.1989 0.8073 0.7140 0.6563 0.5059 0.5513 0.4259 0.4929 0.4205 0.4046 0.5348 0.2497 0.3453 0.3304 0.2495 0.2123]

========================================
TOP 1 SOLUTIONS
========================================
#1 Airfoil: NACA0015
  weighted_power: 30.564914
  chord: [0.3294 0.4953 0.2713 0.2888 0.4385 0.2132 0.3811 0.3160 0.3316 0.3113 0.2228 0.3040 0.2810 0.2628 0.1989]
  beta:  [0.8073 0.7140 0.6563 0.5059 0.5513 0.4259 0.4929 0.4205 0.4046 0.5348 0.2497 0.3453 0.3304 0.2495 0.2123]

========================================
BEST OVERALL
========================================
Airfoil: NACA0015
Weighted Power: 30.564914
